01111500
01116500
01118500
01124000
01127000
01184000
01189995
01193500
01196500
01205500
01208500
01208990
01389500
01463500
01491000
01540500
01553500
01567000
01568000
01574000
01576754
01594440
01668000
01673000
01674500
02035000
02041650
02215500
02310947
02387000
04087000
04176500
04193500
04198000
04208000
04230500
04232050
05287890
05427948
05465500
05474000
05520500
05531500
05532500
05540275
05584500
06714000
06902000
07105500
07195500
07196500
07331000
08155240
09163500
10336580
103366092
10336610
10336660
10336676
10336698
103366993
10336700
10336730
10336770
10336775
11074000
12419000
12510500
14203500
14211720