01111500
01116500
01118500
01124000
01127000
01184000
01184490
01188000
01189995
01192500
01193500
01196500
01205500
01208500
01208950
01208990
01349150
01389500
01398000
01463500
01477120
01491000
01540500
01553500
01567000
01568000
01573560
01574000
01576754
01594440
01631000
01634000
01649500
01658500
01668000
01673000
01674500
02035000
02041650
02042500
02085000
02089500
02091500
02096846
02097464
02175000
02198500
02215500
02310947
02334885
02335870
02353000
02387000
04087000
04176500
04186500
04193500
04198000
04208000
04230500
04232050
05287890
05427948
05451210
05465500
05474000
05500000
05520500
05531500
05532500
05540275
05543500
05584500
06713500
06714000
06741510
06810000
06902000
06905500
07014500
07060710
07068000
07105500
07189000
07195500
07196000
07196500
07197000
07241550
07247015
07331000
08057200
08154700
08155200
08155240
08156800
09041090
09066510
09112200
09163500
09211200
09498500
09504000
10171000
10336580
103366092
10336610
10336645
10336660
10336676
10336698
103366993
10336700
10336730
10336740
10336770
10336775
11074000
11274538
12419000
12510500
13092747
14201300
14203500
14211720